0.75
0
0.978516
0.00878906
234
9
0.3125
0.25
0.591797
0.260742
286
11
0.591797
0.25
0.679688
0.258789
90
9
0.919922
0.0625
0.990234
0.0712891
72
9
0.816406
0.125
0.851562
0.142578
36
18
0.625
0.125
0.703125
0.177734
80
54
0.679688
0.25
0.703125
0.257812
24
8
0.5
0.0625
0.8125
0.125
320
64
0.882812
0.125
0.898438
0.140625
16
16
0.978516
0
0.979492
0.000976562
1
1
0.753906
0.125
0.785156
0.15625
32
32
0.785156
0.125
0.816406
0.15625
32
32
0.898438
0.125
0.914062
0.140625
16
16
0
0.25
0.3125
0.3125
320
64
0.703125
0.125
0.753906
0.158203
52
34
0.914062
0.125
0.929688
0.140625
16
16
0.851562
0.125
0.882812
0.140625
32
16
0.8125
0.0625
0.919922
0.0732422
110
11
0
0
0.75
0.0625
768
64
0
0.0625
0.5
0.25
512
192
0.5
0.125
0.625
0.25
128
128
